26 586,170328
27 587,175715
0  588,176700
1  589,181178
2  590,182479
3  591,186124
4  592,189846
593,195650
594,196384
595,204129
596,207030
597,205882
598,207570
599,213321
600,214968
601,218880
602,221880
603,223862
604,220735
605,226380
18 606,228760
19 607,226450   (answer)
20 608,222390   (too low)
21 609,217160
22 610,206957
23 611,201474
24 612,191475
25 613,167700

1000000000 % 28 = 20

614,170328
615,175715
616,176700
617,181178
618,182479
619,186124
620,189846
621,195650
622,196384
623,204129
624,207030
625,205882
626,207570
627,213321
628,214968
629,218880
630,221880
631,223862
632,220735
633,226380
634,228760
635,226450
636,222390
637,217160
638,206957
639,201474
640,191475
641,167700

